# Created by Octave 5.2.0, Thu Apr 02 13:25:23 2020 GMT <unknown@LAPTOP-IDQ50DE7>
# name: a
# type: scalar
1

# name: ans
# type: scalar
130

# name: b
# type: scalar
8487

# name: n
# type: scalar
10

# name: z
# type: scalar
131

